33 33
0.63 0.81 1.17 1.25 1.44 1.19 1.01 0.51 0.00 0.22 0.48 0.98 1.61 1.05 0.48 0.26 0.00 0.07 0.08 0.06 0.16 0.30 0.44 0.19 0.00 0.06 0.15 0.53 0.92 0.70 0.54 0.60 0.65 
0.42 0.60 0.88 1.10 1.10 1.08 0.78 0.52 0.16 0.15 0.49 0.85 1.13 1.04 0.59 0.33 0.42 0.31 0.19 0.05 0.15 0.29 0.24 0.16 0.03 0.02 0.27 0.48 0.60 0.62 0.57 0.59 0.48 
0.00 0.38 0.68 0.76 0.79 0.72 0.55 0.30 0.01 0.17 0.46 0.73 1.04 0.78 0.53 0.67 1.01 0.69 0.43 0.09 0.26 0.18 0.05 0.02 0.08 0.12 0.39 0.38 0.41 0.51 0.59 0.41 0.19 
0.07 0.22 0.40 0.54 0.52 0.51 0.34 0.20 0.01 0.08 0.25 0.50 0.51 0.52 0.67 0.79 1.05 0.97 0.44 0.13 0.05 0.10 0.03 0.01 0.09 0.18 0.23 0.27 0.32 0.41 0.33 0.27 0.07 
0.01 0.08 0.14 0.26 0.21 0.22 0.07 0.03 0.20 0.08 0.00 0.11 0.00 0.49 0.83 1.05 1.46 0.89 0.22 0.15 0.00 0.00 0.02 0.05 0.25 0.17 0.01 0.15 0.21 0.16 0.03 0.00 0.21 
0.05 0.01 0.07 0.13 0.13 0.11 0.08 0.16 0.29 0.24 0.08 0.02 0.41 0.61 0.89 1.10 1.15 0.92 0.46 0.23 0.14 0.10 0.06 0.02 0.25 0.25 0.12 0.13 0.01 0.01 0.02 0.08 0.02 
0.16 0.02 0.06 0.00 0.05 0.15 0.35 0.38 0.52 0.25 0.06 0.31 1.01 0.96 1.01 1.06 1.10 0.77 0.48 0.35 0.29 0.23 0.14 0.13 0.50 0.29 0.15 0.00 0.30 0.14 0.06 0.02 0.17 
0.05 0.03 0.24 0.22 0.42 0.46 0.52 0.53 0.30 0.19 0.07 0.38 1.05 1.20 1.12 1.09 0.68 0.52 0.44 0.39 0.43 0.38 0.09 0.12 0.21 0.22 0.13 0.02 0.17 0.19 0.01 0.08 0.07 
0.00 0.36 0.78 0.76 -/.08 0.72 0.70 0.39 0.00 0.08 0.21 0.79 1.58 1.23 1.16 0.71 0.00 0.24 0.40 0.47 0.70 0.36 0.02 0.00 0.00 0.15 0.20 0.01 0.21 0.04 0.13 0.07 0.00 
0.54 0.60 0.77 0.90 0.70 0.64 0.51 0.35 0.15 0.29 0.64 0.97 1.00 1.04 0.81 0.56 0.15 0.11 0.19 0.34 0.52 0.42 0.16 0.07 0.15 0.22 0.18 0.08 0.03 0.05 0.03 0.02 0.02 
-/.03 0.91 0.86 0.61 0.15 0.32 0.36 0.02 0.66 0.80 1.12 0.84 0.39 0.58 0.52 0.26 0.06 0.09 0.08 0.23 0.60 0.39 0.23 0.07 0.45 0.36 0.26 0.23 0.24 0.07 0.07 0.01 0.04 
-/.22 -/.13 0.79 0.54 0.21 0.17 0.07 0.12 0.95 1.19 1.14 0.93 0.41 0.30 0.16 0.08 0.32 0.37 0.11 0.13 0.25 0.28 0.01 0.18 0.54 0.57 0.44 0.36 0.16 0.05 0.00 0.01 0.24 
-/.50 -/.01 0.60 0.38 0.00 0.04 0.08 0.72 1.79 1.34 1.28 0.71 0.00 0.02 0.20 0.44 0.96 0.46 0.11 0.04 0.00 0.10 0.33 0.51 0.99 0.73 0.59 0.31 0.00 0.04 0.00 0.28 0.76 
0.85 0.78 0.57 0.36 0.15 0.04 0.38 0.85 1.03 1.13 0.90 0.62 0.01 0.21 0.50 0.69 0.57 0.43 0.24 0.14 0.27 0.32 0.41 0.59 0.77 0.77 0.51 0.31 0.20 0.12 0.14 0.36 0.36 
0.24 0.44 0.50 0.31 0.22 0.15 0.68 0.57 0.32 0.57 0.59 0.18 0.44 0.67 0.92 0.62 0.23 0.30 0.32 0.36 0.64 0.48 0.43 0.56 0.72 0.53 0.33 0.35 0.39 0.04 0.32 0.24 0.00 
0.16 0.24 0.13 0.11 0.05 0.24 0.37 0.40 0.25 0.30 0.12 0.06 0.83 -/.05 0.90 0.70 0.27 0.18 0.28 0.39 0.45 0.46 0.47 0.54 0.40 0.35 0.41 0.41 0.13 0.05 0.33 0.30 0.10 
0.00 0.08 0.36 0.18 0.26 0.20 0.21 0.18 0.00 0.08 0.34 0.84 -/.80 -/.24 0.96 0.53 0.00 0.13 0.20 0.32 0.31 0.35 0.48 0.30 0.00 0.35 0.52 0.25 0.22 0.29 0.60 0.27 0.00 
0.21 0.25 0.21 0.22 0.08 0.08 0.10 0.10 0.20 0.31 0.74 -/.11 -/.17 -/.14 0.80 0.52 0.23 0.14 0.32 0.37 0.18 0.21 0.25 0.19 0.38 0.47 0.41 0.24 0.06 0.27 0.28 0.22 0.10 
0.40 0.18 0.03 0.00 0.21 0.02 0.08 0.18 0.58 0.81 -/.20 0.94 0.67 0.70 0.60 0.49 0.22 0.43 0.59 0.27 0.17 0.04 0.10 0.42 0.91 0.70 0.44 0.24 0.00 0.08 0.07 0.10 0.13 
0.09 0.08 0.02 0.08 0.08 0.04 0.17 0.31 0.97 -/.19 0.92 0.80 0.46 0.42 0.63 0.57 0.75 0.77 0.56 0.33 0.03 0.02 0.24 0.48 0.99 0.97 0.50 0.26 0.05 0.02 0.04 0.00 0.17 
0.17 0.04 0.07 0.04 0.00 0.22 0.46 0.92 -/.79 -/.13 0.52 0.42 0.00 0.47 0.89 -/.02 -/.48 0.92 0.58 0.31 0.00 0.16 0.43 0.86 -/.56 0.97 0.36 0.24 0.00 0.09 0.23 0.35 0.67 
0.00 0.00 0.05 0.04 0.36 0.46 0.77 -/.11 -/.15 -/.00 0.63 0.37 0.44 0.58 0.87 -/.10 -/.01 0.88 0.59 0.35 0.19 0.23 0.62 0.96 -/.13 0.99 0.54 0.29 0.15 0.14 0.30 0.43 0.43 
0.22 0.04 0.05 0.41 0.94 0.90 -/.07 0.93 0.68 0.68 0.59 0.62 0.84 0.83 0.93 0.87 0.59 0.57 0.49 0.38 0.25 0.53 0.87 0.93 -/.05 0.77 0.52 0.33 0.19 0.27 0.38 0.30 0.23 
0.09 0.05 0.33 0.57 -/.03 -/.15 0.92 0.80 0.47 0.42 0.55 0.64 0.95 -/.03 0.96 0.86 0.44 0.36 0.38 0.37 0.60 0.72 0.72 0.81 0.59 0.52 0.44 0.37 0.36 0.35 0.18 0.15 0.13 
0.00 0.21 0.72 0.88 -/.43 -/.07 0.65 0.45 0.00 0.30 0.49 0.80 -/.32 -/.07 -/.06 0.61 0.00 0.22 0.36 0.60 -/.04 0.76 0.51 0.41 0.00 0.30 0.39 0.39 0.48 0.25 0.16 0.01 0.00 
0.00 0.17 0.45 0.76 -/.03 -/.00 0.64 0.38 0.26 0.29 0.55 0.80 0.79 0.85 0.72 0.50 0.18 0.15 0.38 0.60 0.76 0.75 0.47 0.28 0.30 0.33 0.34 0.38 0.45 0.31 0.09 0.00 0.05 
0.19 0.05 0.12 0.49 0.93 0.73 0.48 0.41 0.39 0.44 0.60 0.43 0.17 0.41 0.44 0.28 0.09 0.24 0.42 0.51 0.69 0.54 0.34 0.37 0.61 0.39 0.26 0.40 0.62 0.35 0.16 0.01 0.16 
0.53 0.37 0.19 0.13 0.40 0.47 0.40 0.39 0.43 0.49 0.30 0.22 0.13 0.20 0.15 0.12 0.15 0.24 0.21 0.32 0.35 0.34 0.17 0.24 0.39 0.39 0.26 0.33 0.29 0.26 0.02 0.07 0.49 
1.04 0.69 0.65 0.21 0.02 0.22 0.29 0.34 0.47 0.27 0.10 0.03 0.00 0.05 0.15 0.03 0.21 0.12 0.13 0.03 0.00 0.02 0.23 0.03 0.30 0.27 0.11 0.14 0.00 0.06 0.22 0.58 1.27 
0.73 0.71 0.50 0.31 0.01 0.13 0.16 0.24 0.33 0.25 0.06 0.01 0.23 0.27 0.17 0.04 0.20 0.18 0.03 0.01 0.15 0.21 0.25 0.12 0.23 0.28 0.14 0.07 0.16 0.24 0.57 0.82 1.01 
0.44 0.42 0.31 0.21 0.07 0.00 0.02 0.14 0.40 0.26 0.15 0.19 0.67 0.43 0.21 0.03 0.46 0.22 0.07 0.16 0.40 0.45 0.42 0.08 0.42 0.23 0.10 0.16 0.52 0.70 0.97 0.88 0.90 
0.21 0.22 0.35 0.29 0.25 0.18 0.16 0.02 0.13 0.18 0.01 0.21 0.59 0.58 0.29 0.04 0.15 0.17 0.16 0.29 0.76 0.80 0.53 0.23 0.08 0.17 0.06 0.25 0.87 1.05 0.86 0.81 0.44 
0.07 0.27 0.64 0.50 0.58 0.40 0.45 0.15 0.00 0.01 0.13 0.39 0.85 0.60 0.37 0.15 0.00 0.13 0.56 0.82 1.57 1.03 0.68 0.30 0.00 0.04 0.32 0.75 1.65 1.09 0.56 0.34 0.37 
